7
T-375 -675 Begin
P-375 -575 Tea
P-375 -475 Bread
D-375 -375 Nice?
T-375 -225 End
t-300 -400 Yeah
t-450 -400 Nah
20
-395 -620 -375 -625
-395 -630 -375 -625
-525 -625 -375 -625
-525 -375 -525 -625
-425 -375 -525 -375
-370 -270 -375 -250
-380 -270 -375 -250
-375 -300 -375 -250
-275 -300 -375 -300
-275 -375 -275 -300
-325 -375 -275 -375
-370 -420 -375 -400
-380 -420 -375 -400
-375 -450 -375 -400
-370 -520 -375 -500
-380 -520 -375 -500
-375 -550 -375 -500
-370 -620 -375 -600
-380 -620 -375 -600
-375 -650 -375 -600
